Node name	Width	Height	X	Y
o278138	500	2196	0	0
o278139	500	2196	500	0
o278142	500	2196	1000	0
o278143	500	2196	1500	0
o278146	500	2196	2000	0
o278147	500	2196	2500	0
o278150	500	2196	3000	0
o278151	500	2196	3500	0
o278154	500	2196	4000	0
o278133	500	2136	4500	0
o278140	276	1968	5000	0
o278141	276	1968	5276	0
o278144	276	1968	5552	0
o278145	276	1968	5828	0
o278148	276	1968	0	2196
o278149	276	1968	276	2196
o278152	276	1968	552	2196
o278153	276	1968	828	2196
o278155	276	1968	1104	2196
o278134	399	1800	1380	2196
o278132	332	1044	1779	2196
o278135	164	1044	2111	2196
o278136	80	1020	2275	2196
o278137	164	1020	2355	2196
o278156	108	1020	2519	2196
o278157	108	1020	2627	2196
o278158	108	1020	2735	2196
o278159	108	1020	2843	2196
o278160	108	1020	2951	2196
o278161	1048	816	3059	2196
o278162	1048	816	4107	2196
o277604	72	432	5155	2196
o277605	72	432	5227	2196
o277606	72	432	5299	2196
o277607	72	432	5371	2196
o277608	72	432	5443	2196
o277609	72	432	5515	2196
o277612	72	432	5587	2196
o277615	72	432	5659	2196
o277618	72	432	5731	2196
o277619	72	432	5803	2196
o277623	72	432	5875	2196
o277624	72	432	5947	2196
o277627	72	432	6019	2196
o277628	72	432	6091	2196
o277629	72	432	6163	2196
o277632	72	432	6235	2196
o277633	72	432	0	4164
o277634	72	432	72	4164
o277637	72	432	144	4164
o277638	72	432	216	4164
o277647	72	432	288	4164
o277648	72	432	360	4164
o277649	72	432	432	4164
o277650	72	432	504	4164
o277653	72	432	576	4164
o277654	72	432	648	4164
o277655	72	432	720	4164
o277656	72	432	792	4164
o277665	72	432	864	4164
o277666	72	432	936	4164
o277667	72	432	1008	4164
o277668	72	432	1080	4164
o277669	72	432	1152	4164
o277670	72	432	1224	4164
o277671	72	432	1296	4164
o277672	72	432	1368	4164
o277673	72	432	1440	4164
o277674	72	432	1512	4164
o277675	72	432	1584	4164
o277676	72	432	1656	4164
o277677	72	432	1728	4164
o277678	72	432	1800	4164
o277679	72	432	1872	4164
o277680	72	432	1944	4164
o277681	72	432	2016	4164
o277682	72	432	2088	4164
o277683	72	432	2160	4164
o277684	72	432	2232	4164
o277685	72	432	2304	4164
o277686	72	432	2376	4164
o277687	72	432	2448	4164
o277688	72	432	2520	4164
o277689	72	432	2592	4164
o277690	72	432	2664	4164
o277691	72	432	2736	4164
o277692	72	432	2808	4164
o277693	72	432	2880	4164
o277694	72	432	2952	4164
o277695	72	432	3024	4164
o277696	72	432	3096	4164
o277697	72	432	3168	4164
o277698	72	432	3240	4164
o277699	72	432	3312	4164
o277700	72	432	3384	4164
o277701	72	432	3456	4164
o277702	72	432	3528	4164
o277703	72	432	3600	4164
o277704	72	432	3672	4164
o277705	72	432	3744	4164
o277706	72	432	3816	4164
o277707	72	432	3888	4164
o277708	72	432	3960	4164
o277709	72	432	4032	4164
o277710	72	432	4104	4164
o277711	72	432	4176	4164
o277712	72	432	4248	4164
o277713	72	432	4320	4164
o277714	72	432	4392	4164
o277715	72	432	4464	4164
o277716	72	432	4536	4164
o277717	72	432	4608	4164
o277718	72	432	4680	4164
o277719	72	432	4752	4164
o277720	72	432	4824	4164
o277721	72	432	4896	4164
o277722	72	432	4968	4164
o277723	72	432	5040	4164
o277724	72	432	5112	4164
o277726	72	432	5184	4164
o277727	72	432	5256	4164
o277728	72	432	5328	4164
o277729	72	432	5400	4164
o277730	72	432	5472	4164
o277731	72	432	5544	4164
o277732	72	432	5616	4164
o277743	72	432	5688	4164
o277744	72	432	5760	4164
o277745	72	432	5832	4164
o277746	72	432	5904	4164
o277747	72	432	5976	4164
o277751	72	432	6048	4164
o277752	72	432	6120	4164
o277754	72	432	6192	4164
o277756	72	432	6264	4164
o277757	72	432	0	4596
o277758	72	432	72	4596
o277759	72	432	144	4596
o277760	72	432	216	4596
o277761	72	432	288	4596
o277762	72	432	360	4596
o277763	72	432	432	4596
o277764	72	432	504	4596
o277765	72	432	576	4596
o277766	72	432	648	4596
o277767	72	432	720	4596
o277768	72	432	792	4596
o277769	72	432	864	4596
o277770	72	432	936	4596
o277771	72	432	1008	4596
o277772	72	432	1080	4596
o277773	72	432	1152	4596
o277774	72	432	1224	4596
o277775	72	432	1296	4596
o277776	72	432	1368	4596
o277777	72	432	1440	4596
o277778	72	432	1512	4596
o277779	72	432	1584	4596
o277817	72	432	1656	4596
o277821	72	432	1728	4596
o277823	72	432	1800	4596
o277825	72	432	1872	4596
o277827	72	432	1944	4596
o277829	72	432	2016	4596
o277831	72	432	2088	4596
o277833	72	432	2160	4596
o277835	72	432	2232	4596
o277837	72	432	2304	4596
o277838	72	432	2376	4596
o277840	72	432	2448	4596
o277842	72	432	2520	4596
o277844	72	432	2592	4596
o277847	72	432	2664	4596
o277849	72	432	2736	4596
o277853	72	432	2808	4596
o277854	72	432	2880	4596
o277855	72	432	2952	4596
o277857	72	432	3024	4596
o277864	72	432	3096	4596
o277891	72	432	3168	4596
o277892	72	432	3240	4596
o277893	72	432	3312	4596
o277894	72	432	3384	4596
o277895	72	432	3456	4596
o277896	72	432	3528	4596
o277897	72	432	3600	4596
o277898	72	432	3672	4596
o277899	72	432	3744	4596
o277900	72	432	3816	4596
o277901	72	432	3888	4596
o277902	72	432	3960	4596
o277903	72	432	4032	4596
o277904	72	432	4104	4596
o277905	72	432	4176	4596
o277906	72	432	4248	4596
o277907	72	432	4320	4596
o277908	72	432	4392	4596
o277909	72	432	4464	4596
o277910	72	432	4536	4596
o277911	72	432	4608	4596
o277912	72	432	4680	4596
o277913	72	432	4752	4596
o277914	72	432	4824	4596
o277915	72	432	4896	4596
o277916	72	432	4968	4596
o277917	72	432	5040	4596
o277918	72	432	5112	4596
o277919	72	432	5184	4596
o277920	72	432	5256	4596
o277921	72	432	5328	4596
o277922	72	432	5400	4596
o277923	72	432	5472	4596
o277924	72	432	5544	4596
o277925	72	432	5616	4596
o277926	72	432	5688	4596
o277927	72	432	5760	4596
o277928	72	432	5832	4596
o277929	72	432	5904	4596
o277930	72	432	5976	4596
o277931	72	432	6048	4596
o277932	72	432	6120	4596
o277933	72	432	6192	4596
o277934	72	432	6264	4596
o277935	72	432	0	5028
o277936	72	432	72	5028
o277937	72	432	144	5028
o277938	72	432	216	5028
o277939	72	432	288	5028
o277940	72	432	360	5028
o277941	72	432	432	5028
o277942	72	432	504	5028
o277943	72	432	576	5028
o277944	72	432	648	5028
o277945	72	432	720	5028
o277946	72	432	792	5028
o277947	72	432	864	5028
o277948	72	432	936	5028
o277949	72	432	1008	5028
o277950	72	432	1080	5028
o277951	72	432	1152	5028
o277953	72	432	1224	5028
o277954	72	432	1296	5028
o277956	72	432	1368	5028
o277961	72	432	1440	5028
o277965	72	432	1512	5028
o277966	72	432	1584	5028
o277967	72	432	1656	5028
o277969	72	432	1728	5028
o277970	72	432	1800	5028
o277974	72	432	1872	5028
o277977	72	432	1944	5028
o277978	72	432	2016	5028
o277979	72	432	2088	5028
o277980	72	432	2160	5028
o277981	72	432	2232	5028
o277982	72	432	2304	5028
o277984	72	432	2376	5028
o277985	72	432	2448	5028
o277989	72	432	2520	5028
o277990	72	432	2592	5028
o277993	72	432	2664	5028
o277994	72	432	2736	5028
o277995	72	432	2808	5028
o277996	72	432	2880	5028
o277998	72	432	2952	5028
o277999	72	432	3024	5028
o278000	72	432	3096	5028
o278001	72	432	3168	5028
o278002	72	432	3240	5028
o278003	72	432	3312	5028
o278004	72	432	3384	5028
o278005	72	432	3456	5028
o278006	72	432	3528	5028
o278007	72	432	3600	5028
o278008	72	432	3672	5028
o278009	72	432	3744	5028
o278010	72	432	3816	5028
o278011	72	432	3888	5028
o278021	72	432	3960	5028
o278022	72	432	4032	5028
o278023	72	432	4104	5028
o278024	72	432	4176	5028
o278025	72	432	4248	5028
o278026	72	432	4320	5028
o278027	72	432	4392	5028
o278028	72	432	4464	5028
o278029	72	432	4536	5028
o278030	72	432	4608	5028
o278031	72	432	4680	5028
o278032	72	432	4752	5028
o278043	72	432	4824	5028
o277610	432	72	4896	5028
o277611	432	72	5328	5028
o277613	432	72	5760	5028
o277614	432	72	0	5460
o277616	432	72	432	5460
o277617	432	72	864	5460
o277620	432	72	1296	5460
o277621	432	72	1728	5460
o277622	432	72	2160	5460
o277625	432	72	2592	5460
o277626	432	72	3024	5460
o277630	432	72	3456	5460
o277631	432	72	3888	5460
o277635	432	72	4320	5460
o277636	432	72	4752	5460
o277639	432	72	5184	5460
o277640	432	72	5616	5460
o277641	432	72	0	5532
o277642	432	72	432	5532
o277643	432	72	864	5532
o277644	432	72	1296	5532
o277645	432	72	1728	5532
o277646	432	72	2160	5532
o277651	432	72	2592	5532
o277652	432	72	3024	5532
o277657	432	72	3456	5532
o277658	432	72	3888	5532
o277659	432	72	4320	5532
o277660	432	72	4752	5532
o277661	432	72	5184	5532
o277662	432	72	5616	5532
o277663	432	72	0	5604
o277664	432	72	432	5604
o277725	432	72	864	5604
o277733	432	72	1296	5604
o277734	432	72	1728	5604
o277735	432	72	2160	5604
o277736	432	72	2592	5604
o277737	432	72	3024	5604
o277738	432	72	3456	5604
o277739	432	72	3888	5604
o277740	432	72	4320	5604
o277741	432	72	4752	5604
o277742	432	72	5184	5604
o277748	432	72	5616	5604
o277749	432	72	0	5676
o277750	432	72	432	5676
o277753	432	72	864	5676
o277755	432	72	1296	5676
o277780	432	72	1728	5676
o277781	432	72	2160	5676
o277782	432	72	2592	5676
o277783	432	72	3024	5676
o277784	432	72	3456	5676
o277785	432	72	3888	5676
o277786	432	72	4320	5676
o277787	432	72	4752	5676
o277788	432	72	5184	5676
o277789	432	72	5616	5676
o277790	432	72	0	5748
o277791	432	72	432	5748
o277792	432	72	864	5748
o277793	432	72	1296	5748
o277794	432	72	1728	5748
o277795	432	72	2160	5748
o277796	432	72	2592	5748
o277797	432	72	3024	5748
o277798	432	72	3456	5748
o277799	432	72	3888	5748
o277800	432	72	4320	5748
o277801	432	72	4752	5748
o277802	432	72	5184	5748
o277803	432	72	5616	5748
o277804	432	72	0	5820
o277805	432	72	432	5820
o277806	432	72	864	5820
o277807	432	72	1296	5820
o277808	432	72	1728	5820
o277809	432	72	2160	5820
o277810	432	72	2592	5820
o277811	432	72	3024	5820
o277812	432	72	3456	5820
o277813	432	72	3888	5820
o277814	432	72	4320	5820
o277815	432	72	4752	5820
o277816	432	72	5184	5820
o277818	432	72	5616	5820
o277819	432	72	0	5892
o277820	432	72	432	5892
o277822	432	72	864	5892
o277824	432	72	1296	5892
o277826	432	72	1728	5892
o277828	432	72	2160	5892
o277830	432	72	2592	5892
o277832	432	72	3024	5892
o277834	432	72	3456	5892
o277836	432	72	3888	5892
o277839	432	72	4320	5892
o277841	432	72	4752	5892
o277843	432	72	5184	5892
o277845	432	72	5616	5892
o277846	432	72	0	5964
o277848	432	72	432	5964
o277850	432	72	864	5964
o277851	432	72	1296	5964
o277852	432	72	1728	5964
o277856	432	72	2160	5964
o277858	432	72	2592	5964
o277859	432	72	3024	5964
o277860	432	72	3456	5964
o277861	432	72	3888	5964
o277862	432	72	4320	5964
o277863	432	72	4752	5964
o277865	432	72	5184	5964
o277866	432	72	5616	5964
o277867	432	72	0	6036
o277868	432	72	432	6036
o277869	432	72	864	6036
o277870	432	72	1296	6036
o277871	432	72	1728	6036
o277872	432	72	2160	6036
o277873	432	72	2592	6036
o277874	432	72	3024	6036
o277875	432	72	3456	6036
o277876	432	72	3888	6036
o277877	432	72	4320	6036
o277878	432	72	4752	6036
o277879	432	72	5184	6036
o277880	432	72	5616	6036
o277881	432	72	0	6108
o277882	432	72	432	6108
o277883	432	72	864	6108
o277884	432	72	1296	6108
o277885	432	72	1728	6108
o277886	432	72	2160	6108
o277887	432	72	2592	6108
o277888	432	72	3024	6108
o277889	432	72	3456	6108
o277890	432	72	3888	6108
o277952	432	72	4320	6108
o277955	432	72	4752	6108
o277957	432	72	5184	6108
o277958	432	72	5616	6108
o277959	432	72	0	6180
o277960	432	72	432	6180
o277962	432	72	864	6180
o277963	432	72	1296	6180
o277964	432	72	1728	6180
o277968	432	72	2160	6180
o277971	432	72	2592	6180
o277972	432	72	3024	6180
o277973	432	72	3456	6180
o277975	432	72	3888	6180
o277976	432	72	4320	6180
o277983	432	72	4752	6180
o277986	432	72	5184	6180
o277987	432	72	5616	6180
o277988	432	72	0	6252
o277991	432	72	432	6252
o277992	432	72	864	6252
o277997	432	72	1296	6252
o278012	432	72	1728	6252
o278013	432	72	2160	6252
o278014	432	72	2592	6252
o278015	432	72	3024	6252
o278016	432	72	3456	6252
o278017	432	72	3888	6252
o278018	432	72	4320	6252
o278019	432	72	4752	6252
o278020	432	72	5184	6252
o278033	432	72	5616	6252
o278034	432	72	0	6324
o278035	432	72	432	6324
o278036	432	72	864	6324
o278037	432	72	1296	6324
o278038	432	72	1728	6324
o278039	432	72	2160	6324
o278040	432	72	2592	6324
o278041	432	72	3024	6324
o278042	432	72	3456	6324
o278044	432	72	3888	6324
o278045	432	72	4320	6324
o278046	432	72	4752	6324
o278047	432	72	5184	6324
o278048	432	72	5616	6324
o278049	432	72	0	6396
o278050	432	72	432	6396
o278051	432	72	864	6396
o278052	432	72	1296	6396
o278053	432	72	1728	6396
o278054	432	72	2160	6396
o278055	432	72	2592	6396
o278056	432	72	3024	6396
o278057	432	72	3456	6396
o278058	432	72	3888	6396
o278059	432	72	4320	6396
o278060	432	72	4752	6396
o278061	432	72	5184	6396
o278062	432	72	5616	6396
o278063	432	72	0	6468
o278064	432	72	432	6468
o278065	432	72	864	6468
o278066	432	72	1296	6468
o278067	432	72	1728	6468
o278068	432	72	2160	6468
o278069	432	72	2592	6468
o278070	432	72	3024	6468
o278071	432	72	3456	6468
o278072	432	72	3888	6468
o278073	432	72	4320	6468
o278074	432	72	4752	6468
o278075	432	72	5184	6468
o278076	432	72	5616	6468
o278077	432	72	0	6540
o278078	432	72	432	6540
o278079	432	72	864	6540
o278080	432	72	1296	6540
o278081	432	72	1728	6540
o278082	432	72	2160	6540
o278083	432	72	2592	6540
o278084	432	72	3024	6540
o278085	432	72	3456	6540
o278086	432	72	3888	6540
o278087	432	72	4320	6540
o278088	432	72	4752	6540
o278089	432	72	5184	6540
o278090	432	72	5616	6540
o278091	432	72	0	6612
o278092	432	72	432	6612
o278093	432	72	864	6612
o278094	432	72	1296	6612
o278095	432	72	1728	6612
o278096	432	72	2160	6612
o278097	432	72	2592	6612
o278098	432	72	3024	6612
o278099	432	72	3456	6612
o278100	432	72	3888	6612
o278101	432	72	4320	6612
o278102	432	72	4752	6612
o278103	432	72	5184	6612
o278104	432	72	5616	6612
o278105	432	72	0	6684
o278106	432	72	432	6684
o278107	432	72	864	6684
o278108	432	72	1296	6684
o278109	432	72	1728	6684
o278110	432	72	2160	6684
o278111	432	72	2592	6684
o278112	432	72	3024	6684
o278113	432	72	3456	6684
o278114	432	72	3888	6684
o278115	432	72	4320	6684
o278116	432	72	4752	6684
o278117	432	72	5184	6684
o278118	432	72	5616	6684
o278119	432	72	0	6756
o278120	432	72	432	6756
o278121	432	72	864	6756
o278122	432	72	1296	6756
o278123	432	72	1728	6756
o278124	432	72	2160	6756
o278125	432	72	2592	6756
o278126	432	72	3024	6756
o278127	432	72	3456	6756
o278128	432	72	3888	6756
o278129	432	72	4320	6756
o278130	432	72	4752	6756
o278131	432	72	5184	6756
o278163	2304	24	0	6828