Node name	Width	Height	X	Y
o210915	1206	2856	0	0
o210916	1206	2856	1206	0
o210917	1206	2856	2412	0
o210918	1206	2856	3618	0
o210927	701	2856	4824	0
o210920	276	2196	5525	0
o210922	276	2196	5801	0
o211414	140	2172	6077	0
o211416	140	2172	6217	0
o211418	140	2172	6357	0
o211420	140	2172	6497	0
o210904	500	2136	6637	0
o210905	500	2136	7137	0
o210906	500	2136	7637	0
o210907	500	2136	0	2856
o210908	500	2136	500	2856
o210909	500	2136	1000	2856
o210911	164	2136	1500	2856
o210912	164	2136	1664	2856
o210913	500	2136	1828	2856
o210914	500	2136	2328	2856
o210924	164	2136	2828	2856
o210925	164	2136	2992	2856
o211415	108	2136	3156	2856
o211417	108	2136	3264	2856
o211419	108	2136	3372	2856
o211421	108	2136	3480	2856
o211423	511	2136	3588	2856
o211424	511	2136	4099	2856
o211425	511	2136	4610	2856
o211426	511	2136	5121	2856
o211427	511	2136	5632	2856
o211428	511	2136	6143	2856
o211429	511	2136	6654	2856
o211430	511	2136	7165	2856
o211431	276	2136	7676	2856
o211432	276	2136	7952	2856
o211433	80	2136	8228	2856
o211435	164	2136	8308	2856
o211436	164	2136	0	4992
o211437	164	2136	164	4992
o211438	164	2136	328	4992
o211439	164	2136	492	4992
o211440	164	2136	656	4992
o211441	80	2136	820	4992
o210921	108	1968	900	4992
o210923	108	1968	1008	4992
o210930	516	1692	1116	4992
o211442	720	1056	1632	4992
o211443	720	1056	2352	4992
o210910	276	1044	3072	4992
o210919	80	1044	3348	4992
o210926	276	1044	3428	4992
o210931	80	1044	3704	4992
o211422	80	1020	3784	4992
o211434	80	1020	3864	4992
o210928	572	1008	3944	4992
o211412	792	1008	4516	4992
o211413	792	1008	5308	4992
o211444	1048	816	6100	4992
o211445	1048	816	7148	4992
o210932	72	432	8196	4992
o210933	72	432	8268	4992
o210934	72	432	8340	4992
o210935	72	432	0	7128
o210936	72	432	72	7128
o210937	72	432	144	7128
o210943	72	432	216	7128
o210955	72	432	288	7128
o210956	72	432	360	7128
o210957	72	432	432	7128
o210958	72	432	504	7128
o210960	72	432	576	7128
o211025	72	432	648	7128
o211026	72	432	720	7128
o211027	72	432	792	7128
o211028	72	432	864	7128
o211029	72	432	936	7128
o211030	72	432	1008	7128
o211031	72	432	1080	7128
o211032	72	432	1152	7128
o211033	72	432	1224	7128
o211034	72	432	1296	7128
o211035	72	432	1368	7128
o211036	72	432	1440	7128
o211037	72	432	1512	7128
o211038	72	432	1584	7128
o211039	72	432	1656	7128
o211040	72	432	1728	7128
o211041	72	432	1800	7128
o211042	72	432	1872	7128
o211043	72	432	1944	7128
o211044	72	432	2016	7128
o211045	72	432	2088	7128
o211047	72	432	2160	7128
o211048	72	432	2232	7128
o211049	72	432	2304	7128
o211051	72	432	2376	7128
o211052	72	432	2448	7128
o211054	72	432	2520	7128
o211057	72	432	2592	7128
o211122	72	432	2664	7128
o211123	72	432	2736	7128
o211125	72	432	2808	7128
o211126	72	432	2880	7128
o211127	72	432	2952	7128
o211129	72	432	3024	7128
o211130	72	432	3096	7128
o211131	72	432	3168	7128
o211132	72	432	3240	7128
o211133	72	432	3312	7128
o211134	72	432	3384	7128
o211135	72	432	3456	7128
o211136	72	432	3528	7128
o211137	72	432	3600	7128
o211138	72	432	3672	7128
o211139	72	432	3744	7128
o211140	72	432	3816	7128
o211141	72	432	3888	7128
o211142	72	432	3960	7128
o211143	72	432	4032	7128
o211144	72	432	4104	7128
o211145	72	432	4176	7128
o211146	72	432	4248	7128
o211147	72	432	4320	7128
o211148	72	432	4392	7128
o211149	72	432	4464	7128
o211150	72	432	4536	7128
o211151	72	432	4608	7128
o211152	72	432	4680	7128
o211156	72	432	4752	7128
o211157	72	432	4824	7128
o211158	72	432	4896	7128
o211159	72	432	4968	7128
o211160	72	432	5040	7128
o211162	72	432	5112	7128
o211163	72	432	5184	7128
o211165	72	432	5256	7128
o211167	72	432	5328	7128
o211168	72	432	5400	7128
o211169	72	432	5472	7128
o211170	72	432	5544	7128
o211171	72	432	5616	7128
o211172	72	432	5688	7128
o211175	72	432	5760	7128
o211183	72	432	5832	7128
o211187	72	432	5904	7128
o211190	72	432	5976	7128
o211191	72	432	6048	7128
o211192	72	432	6120	7128
o211193	72	432	6192	7128
o211194	72	432	6264	7128
o211195	72	432	6336	7128
o211196	72	432	6408	7128
o211198	72	432	6480	7128
o211199	72	432	6552	7128
o211201	72	432	6624	7128
o211203	72	432	6696	7128
o211204	72	432	6768	7128
o211205	72	432	6840	7128
o211216	72	432	6912	7128
o211217	72	432	6984	7128
o211218	72	432	7056	7128
o211219	72	432	7128	7128
o211220	72	432	7200	7128
o211221	72	432	7272	7128
o211222	72	432	7344	7128
o211223	72	432	7416	7128
o211224	72	432	7488	7128
o211225	72	432	7560	7128
o211226	72	432	7632	7128
o211227	72	432	7704	7128
o211228	72	432	7776	7128
o211229	72	432	7848	7128
o211230	72	432	7920	7128
o211231	72	432	7992	7128
o211232	72	432	8064	7128
o211233	72	432	8136	7128
o211234	72	432	8208	7128
o211235	72	432	8280	7128
o211236	72	432	8352	7128
o211237	72	432	0	7560
o211238	72	432	72	7560
o211239	72	432	144	7560
o211240	72	432	216	7560
o211241	72	432	288	7560
o211242	72	432	360	7560
o211243	72	432	432	7560
o211244	72	432	504	7560
o211245	72	432	576	7560
o211246	72	432	648	7560
o211247	72	432	720	7560
o211248	72	432	792	7560
o211249	72	432	864	7560
o211250	72	432	936	7560
o211251	72	432	1008	7560
o211252	72	432	1080	7560
o211253	72	432	1152	7560
o211254	72	432	1224	7560
o211255	72	432	1296	7560
o211256	72	432	1368	7560
o211257	72	432	1440	7560
o211258	72	432	1512	7560
o211259	72	432	1584	7560
o211260	72	432	1656	7560
o211261	72	432	1728	7560
o211262	72	432	1800	7560
o211263	72	432	1872	7560
o211264	72	432	1944	7560
o211265	72	432	2016	7560
o211266	72	432	2088	7560
o211267	72	432	2160	7560
o211268	72	432	2232	7560
o211269	72	432	2304	7560
o211270	72	432	2376	7560
o211271	72	432	2448	7560
o211272	72	432	2520	7560
o211273	72	432	2592	7560
o211274	72	432	2664	7560
o211275	72	432	2736	7560
o211276	72	432	2808	7560
o211277	72	432	2880	7560
o211278	72	432	2952	7560
o211279	72	432	3024	7560
o211280	72	432	3096	7560
o211281	72	432	3168	7560
o211282	72	432	3240	7560
o211283	72	432	3312	7560
o211284	72	432	3384	7560
o211285	72	432	3456	7560
o211286	72	432	3528	7560
o211287	72	432	3600	7560
o211288	72	432	3672	7560
o211289	72	432	3744	7560
o211290	72	432	3816	7560
o211291	72	432	3888	7560
o211292	72	432	3960	7560
o211293	72	432	4032	7560
o211294	72	432	4104	7560
o211295	72	432	4176	7560
o211298	72	432	4248	7560
o211299	72	432	4320	7560
o211300	72	432	4392	7560
o211301	72	432	4464	7560
o211306	72	432	4536	7560
o211307	72	432	4608	7560
o211308	72	432	4680	7560
o211309	72	432	4752	7560
o211312	72	432	4824	7560
o211315	72	432	4896	7560
o211316	72	432	4968	7560
o211317	72	432	5040	7560
o211318	72	432	5112	7560
o211319	72	432	5184	7560
o211320	72	432	5256	7560
o211321	72	432	5328	7560
o211322	72	432	5400	7560
o211323	72	432	5472	7560
o211326	72	432	5544	7560
o211329	72	432	5616	7560
o211330	72	432	5688	7560
o211331	72	432	5760	7560
o211347	72	432	5832	7560
o211350	72	432	5904	7560
o211359	72	432	5976	7560
o211360	72	432	6048	7560
o211362	72	432	6120	7560
o211363	72	432	6192	7560
o211370	72	432	6264	7560
o211374	72	432	6336	7560
o211376	72	432	6408	7560
o211377	72	432	6480	7560
o211378	72	432	6552	7560
o211379	72	432	6624	7560
o211381	72	432	6696	7560
o211382	72	432	6768	7560
o211383	72	432	6840	7560
o211384	72	432	6912	7560
o211385	72	432	6984	7560
o211386	72	432	7056	7560
o211387	72	432	7128	7560
o211389	72	432	7200	7560
o211390	72	432	7272	7560
o211391	72	432	7344	7560
o211392	72	432	7416	7560
o211393	72	432	7488	7560
o211394	72	432	7560	7560
o211395	72	432	7632	7560
o211396	72	432	7704	7560
o211398	72	432	7776	7560
o211399	72	432	7848	7560
o211400	72	432	7920	7560
o211401	72	432	7992	7560
o210929	340	204	8064	7560
o210938	432	72	0	7992
o210939	432	72	432	7992
o210940	432	72	864	7992
o210941	432	72	1296	7992
o210942	432	72	1728	7992
o210944	432	72	2160	7992
o210945	432	72	2592	7992
o210946	432	72	3024	7992
o210947	432	72	3456	7992
o210948	432	72	3888	7992
o210949	432	72	4320	7992
o210950	432	72	4752	7992
o210951	432	72	5184	7992
o210952	432	72	5616	7992
o210953	432	72	6048	7992
o210954	432	72	6480	7992
o210959	432	72	6912	7992
o210961	432	72	7344	7992
o210962	432	72	7776	7992
o210963	432	72	0	8064
o210964	432	72	432	8064
o210965	432	72	864	8064
o210966	432	72	1296	8064
o210967	432	72	1728	8064
o210968	432	72	2160	8064
o210969	432	72	2592	8064
o210970	432	72	3024	8064
o210971	432	72	3456	8064
o210972	432	72	3888	8064
o210973	432	72	4320	8064
o210974	432	72	4752	8064
o210975	432	72	5184	8064
o210976	432	72	5616	8064
o210977	432	72	6048	8064
o210978	432	72	6480	8064
o210979	432	72	6912	8064
o210980	432	72	7344	8064
o210981	432	72	7776	8064
o210982	432	72	0	8136
o210983	432	72	432	8136
o210984	432	72	864	8136
o210985	432	72	1296	8136
o210986	432	72	1728	8136
o210987	432	72	2160	8136
o210988	432	72	2592	8136
o210989	432	72	3024	8136
o210990	432	72	3456	8136
o210991	432	72	3888	8136
o210992	432	72	4320	8136
o210993	432	72	4752	8136
o210994	432	72	5184	8136
o210995	432	72	5616	8136
o210996	432	72	6048	8136
o210997	432	72	6480	8136
o210998	432	72	6912	8136
o210999	432	72	7344	8136
o211000	432	72	7776	8136
o211001	432	72	0	8208
o211002	432	72	432	8208
o211003	432	72	864	8208
o211004	432	72	1296	8208
o211005	432	72	1728	8208
o211006	432	72	2160	8208
o211007	432	72	2592	8208
o211008	432	72	3024	8208
o211009	432	72	3456	8208
o211010	432	72	3888	8208
o211011	432	72	4320	8208
o211012	432	72	4752	8208
o211013	432	72	5184	8208
o211014	432	72	5616	8208
o211015	432	72	6048	8208
o211016	432	72	6480	8208
o211017	432	72	6912	8208
o211018	432	72	7344	8208
o211019	432	72	7776	8208
o211020	432	72	0	8280
o211021	432	72	432	8280
o211022	432	72	864	8280
o211023	432	72	1296	8280
o211024	432	72	1728	8280
o211046	432	72	2160	8280
o211050	432	72	2592	8280
o211053	432	72	3024	8280
o211055	432	72	3456	8280
o211056	432	72	3888	8280
o211058	432	72	4320	8280
o211059	432	72	4752	8280
o211060	432	72	5184	8280
o211061	432	72	5616	8280
o211062	432	72	6048	8280
o211063	432	72	6480	8280
o211064	432	72	6912	8280
o211065	432	72	7344	8280
o211066	432	72	7776	8280
o211067	432	72	0	8352
o211068	432	72	432	8352
o211069	432	72	864	8352
o211070	432	72	1296	8352
o211071	432	72	1728	8352
o211072	432	72	2160	8352
o211073	432	72	2592	8352
o211074	432	72	3024	8352
o211075	432	72	3456	8352
o211076	432	72	3888	8352
o211077	432	72	4320	8352
o211078	432	72	4752	8352
o211079	432	72	5184	8352
o211080	432	72	5616	8352
o211081	432	72	6048	8352
o211082	432	72	6480	8352
o211083	432	72	6912	8352
o211084	432	72	7344	8352
o211085	432	72	7776	8352
o211086	432	72	0	8424
o211087	432	72	432	8424
o211088	432	72	864	8424
o211089	432	72	1296	8424
o211090	432	72	1728	8424
o211091	432	72	2160	8424
o211092	432	72	2592	8424
o211093	432	72	3024	8424
o211094	432	72	3456	8424
o211095	432	72	3888	8424
o211096	432	72	4320	8424
o211097	432	72	4752	8424
o211098	432	72	5184	8424
o211099	432	72	5616	8424
o211100	432	72	6048	8424
o211101	432	72	6480	8424
o211102	432	72	6912	8424
o211103	432	72	7344	8424
o211104	432	72	7776	8424
o211105	432	72	0	8496
o211106	432	72	432	8496
o211107	432	72	864	8496
o211108	432	72	1296	8496
o211109	432	72	1728	8496
o211110	432	72	2160	8496
o211111	432	72	2592	8496
o211112	432	72	3024	8496
o211113	432	72	3456	8496
o211114	432	72	3888	8496
o211115	432	72	4320	8496
o211116	432	72	4752	8496
o211117	432	72	5184	8496
o211118	432	72	5616	8496
o211119	432	72	6048	8496
o211120	432	72	6480	8496
o211121	432	72	6912	8496
o211124	432	72	7344	8496
o211128	432	72	7776	8496
o211153	432	72	0	8568
o211154	432	72	432	8568
o211155	432	72	864	8568
o211161	432	72	1296	8568
o211164	432	72	1728	8568
o211166	432	72	2160	8568
o211173	432	72	2592	8568
o211174	432	72	3024	8568
o211176	432	72	3456	8568
o211177	432	72	3888	8568
o211178	432	72	4320	8568
o211179	432	72	4752	8568
o211180	432	72	5184	8568
o211181	432	72	5616	8568
o211182	432	72	6048	8568
o211184	432	72	6480	8568
o211185	432	72	6912	8568
o211186	432	72	7344	8568
o211188	432	72	7776	8568
o211189	432	72	0	8640
o211197	432	72	432	8640
o211200	432	72	864	8640
o211202	432	72	1296	8640
o211206	432	72	1728	8640
o211207	432	72	2160	8640
o211208	432	72	2592	8640
o211209	432	72	3024	8640
o211210	432	72	3456	8640
o211211	432	72	3888	8640
o211212	432	72	4320	8640
o211213	432	72	4752	8640
o211214	432	72	5184	8640
o211215	432	72	5616	8640
o211296	432	72	6048	8640
o211297	432	72	6480	8640
o211302	432	72	6912	8640
o211303	432	72	7344	8640
o211304	432	72	7776	8640
o211305	432	72	0	8712
o211310	432	72	432	8712
o211311	432	72	864	8712
o211313	432	72	1296	8712
o211314	432	72	1728	8712
o211324	432	72	2160	8712
o211325	432	72	2592	8712
o211327	432	72	3024	8712
o211328	432	72	3456	8712
o211332	432	72	3888	8712
o211333	432	72	4320	8712
o211334	432	72	4752	8712
o211335	432	72	5184	8712
o211336	432	72	5616	8712
o211337	432	72	6048	8712
o211338	432	72	6480	8712
o211339	432	72	6912	8712
o211340	432	72	7344	8712
o211341	432	72	7776	8712
o211342	432	72	0	8784
o211343	432	72	432	8784
o211344	432	72	864	8784
o211345	432	72	1296	8784
o211346	432	72	1728	8784
o211348	432	72	2160	8784
o211349	432	72	2592	8784
o211351	432	72	3024	8784
o211352	432	72	3456	8784
o211353	432	72	3888	8784
o211354	432	72	4320	8784
o211355	432	72	4752	8784
o211356	432	72	5184	8784
o211357	432	72	5616	8784
o211358	432	72	6048	8784
o211361	432	72	6480	8784
o211364	432	72	6912	8784
o211365	432	72	7344	8784
o211366	432	72	7776	8784
o211367	432	72	0	8856
o211368	432	72	432	8856
o211369	432	72	864	8856
o211371	432	72	1296	8856
o211372	432	72	1728	8856
o211373	432	72	2160	8856
o211375	432	72	2592	8856
o211380	432	72	3024	8856
o211388	432	72	3456	8856
o211397	432	72	3888	8856
o211402	432	72	4320	8856
o211403	432	72	4752	8856
o211404	432	72	5184	8856
o211405	432	72	5616	8856
o211406	432	72	6048	8856
o211407	432	72	6480	8856
o211408	432	72	6912	8856
o211409	432	72	7344	8856
o211410	432	72	7776	8856
o211411	432	72	0	8928
o211446	2304	24	432	8928